0 0.074219 0.105469 0.054688 0.054688
0 0.109375 0.085938 0.054688 0.054688
0 0.218750 0.078125 0.062500 0.062500
0 0.160156 0.296875 0.062500 0.062500
0 0.203125 0.265625 0.062500 0.062500
0 0.703125 0.343750 0.062500 0.062500
0 0.335938 0.496094 0.062500 0.062500
0 0.328125 0.535156 0.062500 0.062500
0 0.687500 0.027344 0.054688 0.054688
0 0.777344 0.097656 0.054688 0.054688
0 0.921875 0.125000 0.054688 0.054688
0 0.843750 0.253906 0.062500 0.062500
0 0.832031 0.300781 0.070312 0.070312
0 0.828125 0.359375 0.078125 0.078125
0 0.777344 0.468750 0.062500 0.062500
0 0.835938 0.453125 0.062500 0.062500
0 0.777344 0.546875 0.062500 0.062500
0 0.964844 0.417969 0.054688 0.054688
0 0.968750 0.511719 0.054688 0.054688
0 0.339844 0.968750 0.062500 0.062500
0 0.687500 0.574219 0.062500 0.062500
0 0.398438 0.031250 0.054688 0.054688
0 0.449219 0.019531 0.062500 0.062500
0 0.472656 0.796875 0.054688 0.054688