0 0.179688 0.046875 0.062500 0.062500
0 0.414062 0.156250 0.054688 0.054688
0 0.425781 0.199219 0.054688 0.054688
0 0.382812 0.175781 0.039062 0.039062
0 0.386719 0.132812 0.046875 0.046875
0 0.335938 0.148438 0.054688 0.054688
0 0.308594 0.128906 0.046875 0.046875
0 0.082031 0.074219 0.054688 0.054688
0 0.121094 0.105469 0.054688 0.054688
0 0.019531 0.042969 0.054688 0.054688
0 0.050781 0.042969 0.054688 0.054688
0 0.558594 0.527344 0.054688 0.054688
0 0.535156 0.570312 0.062500 0.062500
0 0.507812 0.535156 0.054688 0.054688
0 0.500000 0.589844 0.054688 0.054688
0 0.574219 0.578125 0.054688 0.054688
0 0.964844 0.683594 0.054688 0.054688
0 0.335938 0.632812 0.062500 0.062500
0 0.371094 0.675781 0.062500 0.062500
0 0.394531 0.632812 0.054688 0.054688
0 0.378906 0.585938 0.062500 0.062500
0 0.292969 0.609375 0.054688 0.054688
0 0.269531 0.640625 0.062500 0.062500
0 0.093750 0.625000 0.054688 0.054688
0 0.394531 0.929688 0.046875 0.046875
0 0.414062 0.906250 0.054688 0.054688
0 0.449219 0.878906 0.054688 0.054688
0 0.445312 0.828125 0.054688 0.054688
0 0.390625 0.812500 0.054688 0.054688
0 0.441406 0.750000 0.054688 0.054688
0 0.410156 0.773438 0.054688 0.054688
0 0.339844 0.570312 0.062500 0.062500
0 0.167969 0.160156 0.054688 0.054688
0 0.054688 0.667969 0.054688 0.054688
0 0.492188 0.960938 0.054688 0.054688
0 0.882812 0.554688 0.062500 0.062500
0 0.328125 0.261719 0.062500 0.062500
0 0.218750 0.449219 0.062500 0.062500
0 0.863281 0.710938 0.054688 0.054688