0 0.593750 0.562500 0.085938 0.085938
0 0.386719 0.562500 0.078125 0.078125
0 0.875000 0.246094 0.093750 0.093750
0 0.527344 0.214844 0.085938 0.085938
0 0.300781 0.191406 0.078125 0.078125
0 0.179688 0.187500 0.070312 0.070312
0 0.175781 0.109375 0.070312 0.070312
0 0.042969 0.792969 0.093750 0.093750
0 0.593750 0.960938 0.085938 0.085938
0 0.597656 0.871094 0.085938 0.085938
0 0.316406 0.679688 0.078125 0.078125
0 0.386719 0.679688 0.085938 0.085938
0 0.148438 0.691406 0.093750 0.093750
0 0.062500 0.660156 0.085938 0.085938