0 0.175781 0.265625 0.062500 0.062500
0 0.433594 0.265625 0.062500 0.062500
0 0.441406 0.062500 0.062500 0.062500
0 0.792969 0.320312 0.054688 0.054688
0 0.628906 0.425781 0.062500 0.062500
0 0.582031 0.402344 0.062500 0.062500
0 0.664062 0.410156 0.062500 0.062500
0 0.835938 0.796875 0.062500 0.062500
0 0.812500 0.847656 0.070312 0.070312
0 0.246094 0.660156 0.070312 0.070312
0 0.285156 0.632812 0.062500 0.062500
0 0.527344 0.597656 0.062500 0.062500
0 0.562500 0.800781 0.070312 0.070312
0 0.035156 0.894531 0.062500 0.062500
0 0.503906 0.804688 0.062500 0.062500
0 0.429688 0.171875 0.062500 0.062500
0 0.757812 0.664062 0.054688 0.054688
0 0.566406 0.578125 0.062500 0.062500
0 0.011719 0.410156 0.070312 0.070312