0 0.210938 0.097656 0.062500 0.062500
0 0.464844 0.203125 0.062500 0.062500
0 0.277344 0.347656 0.054688 0.054688
0 0.054688 0.500000 0.062500 0.062500
0 0.031250 0.546875 0.062500 0.062500
0 0.796875 0.765625 0.062500 0.062500
0 0.792969 0.816406 0.062500 0.062500
0 0.164062 0.828125 0.062500 0.062500
0 0.195312 0.859375 0.062500 0.062500
0 0.328125 0.890625 0.062500 0.062500
0 0.480469 0.945312 0.046875 0.046875
0 0.617188 0.898438 0.054688 0.054688
0 0.578125 0.968750 0.054688 0.054688
0 0.628906 0.968750 0.054688 0.054688
0 0.199219 0.484375 0.054688 0.054688
0 0.128906 0.128906 0.054688 0.054688