0 0.214844 0.914062 0.054688 0.054688
0 0.433594 0.722656 0.062500 0.062500
0 0.476562 0.726562 0.062500 0.062500
0 0.183594 0.527344 0.062500 0.062500
0 0.800781 0.414062 0.062500 0.062500
0 0.863281 0.406250 0.070312 0.070312
0 0.511719 0.328125 0.062500 0.062500
0 0.558594 0.277344 0.062500 0.062500
0 0.589844 0.246094 0.054688 0.054688
0 0.324219 0.539062 0.054688 0.054688
0 0.402344 0.160156 0.062500 0.062500
0 0.652344 0.167969 0.062500 0.062500
0 0.699219 0.039062 0.070312 0.070312
0 0.656250 0.031250 0.062500 0.062500
0 0.933594 0.019531 0.062500 0.062500
0 0.847656 0.218750 0.062500 0.062500
0 0.886719 0.183594 0.062500 0.062500
0 0.984375 0.046875 0.070312 0.070312
0 0.558594 0.886719 0.062500 0.062500
0 0.304688 0.906250 0.070312 0.070312