0 0.105469 0.042969 0.062500 0.062500
0 0.207031 0.382812 0.070312 0.070312
0 0.640625 0.945312 0.070312 0.070312
0 0.671875 0.914062 0.062500 0.062500
0 0.625000 0.839844 0.062500 0.062500
0 0.628906 0.621094 0.078125 0.078125
0 0.398438 0.507812 0.070312 0.070312
0 0.894531 0.421875 0.070312 0.070312
0 0.718750 0.238281 0.070312 0.070312
0 0.914062 0.003906 0.062500 0.062500
0 0.910156 0.042969 0.039062 0.039062
0 0.871094 0.062500 0.054688 0.054688
0 0.812500 0.031250 0.054688 0.054688
0 0.753906 0.109375 0.062500 0.062500
0 0.722656 0.148438 0.070312 0.070312
0 0.675781 0.132812 0.054688 0.054688
0 0.664062 0.175781 0.070312 0.070312
0 0.292969 0.847656 0.078125 0.078125