0 0.031250 0.082031 0.046875 0.046875
0 0.066406 0.089844 0.046875 0.046875
0 0.042969 0.117188 0.046875 0.046875
0 0.179688 0.039062 0.046875 0.046875
0 0.144531 0.664062 0.054688 0.054688
0 0.441406 0.292969 0.046875 0.046875
0 0.488281 0.472656 0.054688 0.054688
0 0.558594 0.375000 0.054688 0.054688
0 0.593750 0.710938 0.054688 0.054688
0 0.929688 0.898438 0.054688 0.054688
0 0.917969 0.937500 0.062500 0.062500
0 0.531250 0.851562 0.070312 0.070312
0 0.738281 0.054688 0.070312 0.070312
0 0.699219 0.011719 0.054688 0.054688
0 0.207031 0.179688 0.070312 0.070312