0 0.648438 0.160156 0.070312 0.070312
0 0.417969 0.113281 0.062500 0.062500
0 0.378906 0.070312 0.062500 0.062500
0 0.160156 0.113281 0.062500 0.062500
0 0.238281 0.242188 0.062500 0.062500
0 0.257812 0.414062 0.062500 0.062500
0 0.503906 0.480469 0.062500 0.062500
0 0.468750 0.511719 0.070312 0.070312
0 0.765625 0.652344 0.062500 0.062500
0 0.800781 0.695312 0.062500 0.062500
0 0.847656 0.687500 0.062500 0.062500
0 0.695312 0.898438 0.062500 0.062500
0 0.179688 0.617188 0.062500 0.062500
0 0.062500 0.820312 0.062500 0.062500
0 0.265625 0.273438 0.062500 0.062500
0 0.621094 0.531250 0.062500 0.062500
0 0.250000 0.945312 0.062500 0.062500
0 0.882812 0.257812 0.062500 0.062500
0 0.937500 0.234375 0.054688 0.054688