0 0.082031 0.367188 0.062500 0.062500
0 0.039062 0.378906 0.054688 0.054688
0 0.511719 0.226562 0.054688 0.054688
0 0.554688 0.234375 0.054688 0.054688
0 0.652344 0.246094 0.054688 0.054688
0 0.320312 0.140625 0.054688 0.054688
0 0.355469 0.164062 0.054688 0.054688
0 0.621094 0.738281 0.070312 0.070312
0 0.113281 0.734375 0.062500 0.062500
0 0.363281 0.789062 0.070312 0.070312
0 0.121094 0.593750 0.070312 0.070312
0 0.867188 0.039062 0.062500 0.062500
0 0.867188 0.097656 0.062500 0.062500
0 0.367188 0.339844 0.070312 0.070312