0 0.171875 0.113281 0.046875 0.046875
0 0.144531 0.085938 0.054688 0.054688
0 0.261719 0.199219 0.054688 0.054688
0 0.269531 0.277344 0.062500 0.062500
0 0.175781 0.316406 0.062500 0.062500
0 0.062500 0.496094 0.054688 0.054688
0 0.046875 0.457031 0.046875 0.046875
0 0.023438 0.976562 0.046875 0.046875
0 0.714844 0.941406 0.046875 0.046875
0 0.593750 0.445312 0.062500 0.062500
0 0.617188 0.394531 0.054688 0.054688
0 0.695312 0.531250 0.070312 0.070312
0 0.437500 0.812500 0.046875 0.046875
0 0.417969 0.773438 0.062500 0.062500
0 0.375000 0.746094 0.062500 0.062500
0 0.265625 0.773438 0.054688 0.054688
0 0.289062 0.812500 0.046875 0.046875
0 0.343750 0.859375 0.046875 0.046875
0 0.078125 0.968750 0.054688 0.054688