0 0.089844 0.203125 0.062500 0.062500
0 0.125000 0.234375 0.062500 0.062500
0 0.296875 0.144531 0.054688 0.054688
0 0.320312 0.175781 0.054688 0.054688
0 0.023438 0.550781 0.046875 0.046875
0 0.730469 0.539062 0.054688 0.054688
0 0.378906 0.531250 0.054688 0.054688
0 0.324219 0.531250 0.054688 0.054688
0 0.343750 0.570312 0.046875 0.046875
0 0.398438 0.578125 0.046875 0.046875
0 0.691406 0.566406 0.054688 0.054688
0 0.222656 0.769531 0.062500 0.062500
0 0.281250 0.785156 0.062500 0.062500
0 0.468750 0.765625 0.046875 0.046875
0 0.531250 0.726562 0.062500 0.062500
0 0.730469 0.933594 0.054688 0.054688
0 0.359375 0.824219 0.054688 0.054688
0 0.515625 0.777344 0.054688 0.054688
0 0.511719 0.808594 0.062500 0.062500
0 0.195312 0.179688 0.054688 0.054688
0 0.015625 0.605469 0.031250 0.031250