0 0.414062 0.582031 0.078125 0.078125
0 0.433594 0.535156 0.070312 0.070312
0 0.453125 0.324219 0.070312 0.070312
0 0.785156 0.789062 0.070312 0.070312
0 0.625000 0.519531 0.062500 0.062500
0 0.640625 0.671875 0.054688 0.054688
0 0.539062 0.675781 0.062500 0.062500
0 0.191406 0.890625 0.054688 0.054688
0 0.414062 0.582031 0.078125 0.078125
0 0.433594 0.535156 0.070312 0.070312
0 0.453125 0.324219 0.070312 0.070312
0 0.785156 0.789062 0.070312 0.070312
0 0.625000 0.519531 0.062500 0.062500
0 0.640625 0.671875 0.054688 0.054688
0 0.539062 0.675781 0.062500 0.062500
0 0.191406 0.890625 0.054688 0.054688
0 0.414062 0.582031 0.078125 0.078125
0 0.433594 0.535156 0.070312 0.070312
0 0.453125 0.324219 0.070312 0.070312
0 0.785156 0.789062 0.070312 0.070312
0 0.625000 0.519531 0.062500 0.062500
0 0.640625 0.671875 0.054688 0.054688
0 0.539062 0.675781 0.062500 0.062500
0 0.191406 0.890625 0.054688 0.054688