0 0.804688 0.058594 0.070312 0.070312
0 0.886719 0.542969 0.070312 0.070312
0 0.816406 0.781250 0.070312 0.070312
0 0.750000 0.804688 0.062500 0.062500
0 0.789062 0.835938 0.070312 0.070312
0 0.933594 0.976562 0.070312 0.070312
0 0.804688 0.058594 0.070312 0.070312
0 0.886719 0.542969 0.070312 0.070312
0 0.816406 0.781250 0.070312 0.070312
0 0.750000 0.804688 0.062500 0.062500
0 0.789062 0.835938 0.070312 0.070312
0 0.933594 0.976562 0.070312 0.070312
0 0.804688 0.058594 0.070312 0.070312
0 0.886719 0.542969 0.070312 0.070312
0 0.816406 0.781250 0.070312 0.070312
0 0.750000 0.804688 0.062500 0.062500
0 0.789062 0.835938 0.070312 0.070312
0 0.933594 0.976562 0.070312 0.070312