0 0.203125 0.007812 0.062500 0.062500
0 0.453125 0.062500 0.078125 0.078125
0 0.449219 0.503906 0.070312 0.070312
0 0.621094 0.402344 0.078125 0.078125
0 0.429688 0.675781 0.054688 0.054688
0 0.480469 0.699219 0.062500 0.062500
0 0.222656 0.964844 0.062500 0.062500
0 0.429688 0.875000 0.070312 0.070312
0 0.472656 0.917969 0.070312 0.070312
0 0.730469 0.980469 0.054688 0.054688
0 0.792969 0.773438 0.062500 0.062500
0 0.605469 0.734375 0.062500 0.062500
0 0.777344 0.523438 0.070312 0.070312
0 0.605469 0.207031 0.062500 0.062500
0 0.781250 0.117188 0.062500 0.062500