0 0.015625 0.558594 0.070312 0.070312
0 0.152344 0.003906 0.054688 0.054688
0 0.238281 0.062500 0.062500 0.062500
0 0.285156 0.054688 0.062500 0.062500
0 0.617188 0.093750 0.054688 0.054688
0 0.644531 0.128906 0.054688 0.054688
0 0.527344 0.699219 0.062500 0.062500
0 0.500000 0.734375 0.054688 0.054688
0 0.476562 0.792969 0.062500 0.062500
0 0.402344 0.933594 0.054688 0.054688
0 0.472656 0.023438 0.062500 0.062500
0 0.675781 0.574219 0.062500 0.062500
0 0.898438 0.503906 0.062500 0.062500
0 0.949219 0.636719 0.070312 0.070312
0 0.953125 0.679688 0.070312 0.070312