0 0.671875 0.042969 0.070312 0.070312
0 0.250000 0.175781 0.070312 0.070312
0 0.000000 0.136719 0.046875 0.046875
0 0.191406 0.402344 0.054688 0.054688
0 0.312500 0.378906 0.070312 0.070312
0 0.179688 0.441406 0.054688 0.054688
0 0.609375 0.660156 0.062500 0.062500
0 0.605469 0.699219 0.054688 0.054688
0 0.605469 0.773438 0.062500 0.062500
0 0.644531 0.867188 0.062500 0.062500
0 0.597656 0.871094 0.070312 0.070312
0 0.699219 0.703125 0.070312 0.070312
0 0.707031 0.546875 0.062500 0.062500
0 0.546875 0.503906 0.078125 0.078125
0 0.617188 0.957031 0.078125 0.078125