0 0.046875 0.011719 0.046875 0.046875
0 0.003906 0.011719 0.046875 0.046875
0 0.027344 0.042969 0.054688 0.054688
0 0.335938 0.289062 0.062500 0.062500
0 0.753906 0.183594 0.070312 0.070312
0 0.960938 0.207031 0.062500 0.062500
0 0.925781 0.246094 0.062500 0.062500
0 0.878906 0.355469 0.054688 0.054688
0 0.976562 0.421875 0.046875 0.046875
0 0.937500 0.371094 0.054688 0.054688
0 0.835938 0.437500 0.062500 0.062500
0 0.167969 0.261719 0.054688 0.054688
0 0.421875 0.464844 0.054688 0.054688
0 0.464844 0.457031 0.054688 0.054688
0 0.449219 0.492188 0.046875 0.046875
0 0.863281 0.585938 0.054688 0.054688
0 0.910156 0.589844 0.046875 0.046875
0 0.886719 0.613281 0.046875 0.046875
0 0.464844 0.046875 0.062500 0.062500
0 0.046875 0.914062 0.054688 0.054688